tree
version=v4
num_class=1
num_tree_per_iteration=1
label_index=0
max_feature_idx=25
objective=binary sigmoid:1
feature_names=entry_hour entry_weekday entry_month is_buy spread_pts loss_streak pass_bb pass_vol pass_struct pass_ema pass_disp pass_sess pass_htf pass_adx pass_atr_pct pass_prior_bar bb_expand_ratio bb_width_vs_avg squeeze_bars struct_break_atr displacement_atr prior_bar_range_atr atr_value atr_percentile adx_value hour_x_buy
feature_infos=[8:17] [1:5] [1:12] [0:1] [1:14] none none none none none none none none none none none [1.1002000000000001:2.23163] [1.0000899999999999:1.84796] [1:4] [0.20000000000000001:1.925] [0.55059999999999998:1.9469000000000001] [0.69140000000000001:2] [0.00014999999999999999:0.0025200000000000001] none none [0:17]
tree_sizes=2033 2011 1902 2237

Tree=0
num_leaves=19
num_cat=0
split_feature=21 19 1 2 17 17 19 17 3 21 16 22 19 21 17 22 19 21
split_gain=6.21896 7.87438 11.6529 11.0818 6.92634 7.95381 12.9157 4.44092 4.23741 7.36714 5.37753 4.28989 5.20276 3.70542 3.62552 1.95382 1.08195 1.33854
threshold=1.4743500000000003 0.75125000000000008 2.5000000000000004 6.5000000000000009 1.4046250000000002 1.2615100000000001 1.1524500000000002 1.2099700000000002 1.0000000180025095e-35 1.3162500000000004 1.3350650000000002 0.0005750000000000001 0.58650000000000013 1.7350000000000001 1.1083850000000004 0.00054500000000000013 0.64070000000000016 1.2734000000000003
decision_type=2 2 2 2 2 2 2 2 2 2 2 2 2 2 2 2 2 2
left_child=8 2 -2 -4 5 7 -7 13 9 11 16 12 -1 15 -15 -3 -10 -18
right_child=1 4 3 -5 -6 6 -8 -9 10 -11 -12 -13 -14 14 -16 -17 17 -19
leaf_value=1.6101236691343312 1.6286124617838293 1.6177923531953269 1.5971688044941799 1.4822729346824037 1.6727081815915292 1.6336796993098073 1.5115299985473383 1.6804892108558604 1.6767442436446691 1.6600600939560863 1.6063319657741804 1.6319377428984871 1.5279117759137311 1.6262095431276111 1.5561668564585698 1.6676046207933286 1.6239790497661828 1.6681611942113237
leaf_weight=4.6772936582565325 6.4656706452369681 3.7143214344978421 4.5397261977195722 4.1270238161087036 5.5026984214782706 4.1270238161087018 4.2645912766456604 3.4391865134239188 8.8043174743652397 6.7408055663108817 5.0899960398674002 4.9524285793304434 3.4391865134239197 3.5767539739608765 3.4391865134239197 3.7143214344978333 3.4391865134239188 3.85188889503479
leaf_count=34 47 27 33 30 40 30 31 25 64 49 37 36 25 26 25 27 25 28
internal_value=1.62052 1.60806 1.57849 1.5409 1.62239 1.61152 1.5716 1.63016 1.63466 1.61825 1.65019 1.59619 1.57394 1.61821 1.59211 1.64229 1.66439 1.64828
internal_weight=87.9056 46.9105 15.1324 8.66675 31.7781 26.2754 8.39162 17.8838 40.9951 19.8097 21.1854 13.0689 8.11648 14.4446 7.01594 7.42864 16.0954 7.29108
internal_count=639 341 110 63 231 191 61 130 298 144 154 95 59 105 51 54 117 53
is_linear=0
shrinkage=1


Tree=1
num_leaves=18
num_cat=0
split_feature=16 17 17 16 16 1 21 20 20 1 20 16 2 16 19 25 16
split_gain=7.94921 4.1253 13.2245 7.87558 6.57441 6.48319 4.85003 4.27994 9.38069 4.07 3.79374 3.46297 5.29532 3.74064 2.30605 1.51456 0.340979
threshold=1.1252800000000003 1.3051600000000001 1.2442500000000003 1.2514500000000002 1.3827550000000002 2.5000000000000004 1.7350000000000001 1.1038500000000002 1.4374500000000003 2.5000000000000004 0.9871000000000002 1.1841200000000003 6.5000000000000009 1.2407600000000001 0.58650000000000013 8.5000000000000018 1.2952250000000003
decision_type=2 2 2 2 2 2 2 2 2 2 2 2 2 2 2 2 2
left_child=-1 2 4 -4 6 -6 10 -3 -9 -8 11 15 13 -13 -12 -2 -16
right_child=1 7 3 -5 5 -7 9 8 -10 -11 14 12 -14 -15 16 -17 -18
leaf_value=-0.064430235349442158 0.010088798397165706 0.057963137224917319 -0.0070343296638972434 -0.098856443319628493 -0.083296570562972461 0.003823236691174515 0.019089712090418313 -0.037794447623267807 0.049849257362305249 -0.046639039189157072 0.00031267304740460256 -0.018988916616134791 -0.054640383959406159 0.045798630485705066 0.053489686796713135 0.056563512272895314 0.029370674926468228
leaf_weight=4.727898269891738 4.1358063668012646 5.7645977884531048 4.3978482931852323 5.2450345158576965 3.7451651096343976 4.5528184920549393 3.8488049656152707 6.0522803664207441 5.9343447238206863 5.5189637243747711 3.4407095760107067 4.3587744981050474 4.2728690207004538 4.2480897307395935 9.7669185250997526 3.5085626542568207 3.5498951226472846
leaf_count=34 30 42 32 37 27 33 28 44 43 39 25 32 31 31 72 26 26
internal_value=-0.0020488 0.00154619 -0.00426255 -0.0579942 0.00516437 -0.0354252 0.0125517 0.0228677 0.005236 -0.0191895 0.0206911 0.00593389 -0.00958926 0.0125728 0.0383262 0.03252 0.0476997
internal_weight=87.0694 82.3415 64.5903 9.64288 54.9474 8.29798 46.6494 17.7512 11.9866 9.36777 37.2816 20.5241 12.8797 8.60686 16.7575 7.64437 13.3168
internal_count=632 598 469 69 400 60 340 129 87 67 273 150 94 63 123 56 98
is_linear=0
shrinkage=0.05


Tree=2
num_leaves=17
num_cat=0
split_feature=16 21 17 20 17 17 16 21 17 16 17 20 4 21 19 2
split_gain=6.87889 6.34967 5.20363 4.88728 8.40055 3.83435 3.3525 3.39718 3.65589 5.53262 4.76787 3.22995 2.44653 2.43944 1.08723 0.942671
threshold=1.1202000000000003 1.4708500000000002 1.3412650000000002 0.93705000000000016 1.2615100000000001 1.2099700000000002 1.2000250000000003 1.35565 1.2938700000000003 1.3303950000000002 1.1453550000000001 1.3909500000000004 1.5000000000000002 1.8028000000000002 0.91785000000000017 4.5000000000000009
decision_type=2 2 2 2 2 2 2 2 2 2 2 2 2 2 2 2
left_child=-1 6 3 -3 5 12 15 8 9 10 -8 -4 13 -5 -14 -2
right_child=1 2 11 4 -6 -7 7 -9 -10 -11 -12 -13 14 -15 -16 -17
leaf_value=-0.059399062973994443 0.024639309292090787 -0.064414133531174145 -0.0059936791442866382 -0.0018420035185807209 -0.057184715724071626 0.040940491905623544 0.039791792442977633 0.042689739099119793 0.043906181818451712 -0.064546860112834142 -0.024520651134239888 0.049257201515742748 -0.0056544014328547589 -0.05256009017872703 0.02877874914807654 0.057815672423154177
leaf_weight=4.0700968354940406 4.5270972698926908 4.3079622387886038 4.454150587320326 6.4089844971895307 6.6879398673772803 5.7557720541954032 5.4556079804897362 6.4044951796531668 3.7787857502698889 3.5140568614006034 5.8258152306079865 5.8698709309101105 3.69768577814102 3.8859691619873047 5.0782077014446259 6.5426294505596161
leaf_count=28 34 30 32 47 46 42 40 47 28 25 42 44 26 27 37 49
internal_value=0.00314105 0.00636706 -0.00582841 -0.0149295 -0.00782462 0.00544777 0.02209 0.0115821 0.00041712 -0.0105746 0.00621739 0.0251115 -0.00516116 -0.0217887 0.0138069 0.0450375
internal_weight=86.2651 82.195 46.1465 35.8225 31.5146 24.8266 36.0485 24.9788 18.5743 14.7955 11.2814 10.324 19.0708 10.295 8.77589 11.0697
internal_count=624 596 331 255 225 179 265 182 135 107 82 76 137 74 63 83
is_linear=0
shrinkage=0.05


Tree=3
num_leaves=20
num_cat=0
split_feature=0 16 19 0 17 16 16 0 17 16 1 19 22 1 17 19 16 22 21
split_gain=3.64471 4.59324 6.44335 4.02491 4.82944 6.33544 4.88104 5.67214 3.77146 3.75513 5.78109 3.41515 3.35904 2.20167 1.59508 4.37377 0.928578 0.748453 0.354669
threshold=9.5000000000000018 1.1782700000000002 1.1695000000000002 15.500000000000002 1.3407450000000003 1.1888550000000002 1.2065050000000002 11.500000000000002 1.2804250000000004 1.2933050000000004 2.5000000000000004 0.44070000000000004 0.00051500000000000016 3.5000000000000004 1.2252800000000004 0.67575000000000018 1.2911200000000003 0.00050500000000000013 1.5025000000000002
decision_type=2 2 2 2 2 2 2 2 2 2 2 2 2 2 2 2 2 2 2
left_child=1 -1 8 4 5 11 -7 16 18 14 -11 -2 -12 -6 15 -9 -8 -13 -3
right_child=3 2 -4 -5 13 6 7 9 -10 10 12 17 -14 -15 -16 -17 -18 -19 -20
leaf_value=-0.061698696398501743 -0.011464666774923558 0.044412950439423421 -0.063903523198554191 -0.041171619746936651 0.057657841655638045 -0.059747803423388549 0.0086381694155206381 -0.01764719934325203 -0.026295687054615442 -0.071398375037561357 -0.038664555947994034 0.058057206822632837 0.024150391815287848 0.0084856686901790945 -0.020290561861798846 0.056888904764968329 0.041797639511050186 0.027352514686401291 0.018507477161007955
leaf_weight=4.835954591631892 3.4169273898005477 3.9073874205350858 3.5434036701917639 4.3654206022620192 6.2256721854209882 4.0741776153445235 4.0047547370195371 3.7673955410718936 3.9721283689141273 5.5879144221544257 3.9265710711479169 5.6314241513609868 4.3565527200698853 4.0286682546138763 3.6142886877059937 3.7921533137559891 5.9697035998106003 4.8690811023116112 3.727272167801857
leaf_count=35 25 29 26 32 47 29 29 27 29 39 27 41 31 30 25 28 43 36 26
internal_value=-0.000945971 -0.0196969 -0.00564535 0.00454236 0.00783561 0.00163331 -0.00858817 -0.00234066 0.012107 -0.0151665 -0.0325077 0.0305582 -0.00513628 0.0390908 0.00601451 0.0193447 0.0291983 0.0446835 0.032815
internal_weight=87.6169 19.9861 15.1502 67.6307 63.2653 53.0109 39.0935 35.0193 11.6068 25.0449 13.871 13.9174 8.28312 10.2543 11.1738 7.55955 9.97446 10.5005 7.63466
internal_count=634 145 110 489 457 380 278 249 84 177 97 102 58 77 80 55 72 77 55
is_linear=0
shrinkage=0.05


end of trees

feature_importances:
bb_expand_ratio=15
bb_width_vs_avg=14
struct_break_atr=9
prior_bar_range_atr=9
entry_weekday=5
displacement_atr=5
atr_value=4
entry_hour=3
entry_month=3
is_buy=1
spread_pts=1
hour_x_buy=1

parameters:
[boosting: gbdt]
[objective: binary]
[metric: auc]
[tree_learner: serial]
[device_type: cpu]
[data_sample_strategy: bagging]
[data: ]
[valid: ]
[num_iterations: 500]
[learning_rate: 0.05]
[num_leaves: 31]
[num_threads: 0]
[seed: 42]
[deterministic: 0]
[force_col_wise: 0]
[force_row_wise: 0]
[histogram_pool_size: -1]
[max_depth: -1]
[min_data_in_leaf: 25]
[min_sum_hessian_in_leaf: 0.001]
[bagging_fraction: 0.85]
[pos_bagging_fraction: 1]
[neg_bagging_fraction: 1]
[bagging_freq: 1]
[bagging_seed: 400]
[bagging_by_query: 0]
[feature_fraction: 0.85]
[feature_fraction_bynode: 1]
[feature_fraction_seed: 30056]
[extra_trees: 0]
[extra_seed: 12879]
[early_stopping_round: 0]
[early_stopping_min_delta: 0]
[first_metric_only: 0]
[max_delta_step: 0]
[lambda_l1: 0.1]
[lambda_l2: 0.1]
[linear_lambda: 0]
[min_gain_to_split: 0]
[drop_rate: 0.1]
[max_drop: 50]
[skip_drop: 0.5]
[xgboost_dart_mode: 0]
[uniform_drop: 0]
[drop_seed: 17869]
[top_rate: 0.2]
[other_rate: 0.1]
[min_data_per_group: 100]
[max_cat_threshold: 32]
[cat_l2: 10]
[cat_smooth: 10]
[max_cat_to_onehot: 4]
[top_k: 20]
[monotone_constraints: ]
[monotone_constraints_method: basic]
[monotone_penalty: 0]
[feature_contri: ]
[forcedsplits_filename: ]
[refit_decay_rate: 0.9]
[cegb_tradeoff: 1]
[cegb_penalty_split: 0]
[cegb_penalty_feature_lazy: ]
[cegb_penalty_feature_coupled: ]
[path_smooth: 0]
[interaction_constraints: ]
[verbosity: -1]
[saved_feature_importance_type: 0]
[use_quantized_grad: 0]
[num_grad_quant_bins: 4]
[quant_train_renew_leaf: 0]
[stochastic_rounding: 1]
[linear_tree: 0]
[max_bin: 255]
[max_bin_by_feature: ]
[min_data_in_bin: 3]
[bin_construct_sample_cnt: 200000]
[data_random_seed: 175]
[is_enable_sparse: 1]
[enable_bundle: 1]
[use_missing: 1]
[zero_as_missing: 0]
[feature_pre_filter: 1]
[pre_partition: 0]
[two_round: 0]
[header: 0]
[label_column: ]
[weight_column: ]
[group_column: ]
[ignore_column: ]
[categorical_feature: ]
[forcedbins_filename: ]
[precise_float_parser: 0]
[parser_config_file: ]
[objective_seed: 16083]
[num_class: 1]
[is_unbalance: 0]
[scale_pos_weight: 1]
[sigmoid: 1]
[boost_from_average: 1]
[reg_sqrt: 0]
[alpha: 0.9]
[fair_c: 1]
[poisson_max_delta_step: 0.7]
[tweedie_variance_power: 1.5]
[lambdarank_truncation_level: 30]
[lambdarank_norm: 1]
[label_gain: ]
[lambdarank_position_bias_regularization: 0]
[eval_at: ]
[multi_error_top_k: 1]
[auc_mu_weights: ]
[num_machines: 1]
[local_listen_port: 12400]
[time_out: 120]
[machine_list_filename: ]
[machines: ]
[gpu_platform_id: -1]
[gpu_device_id: -1]
[gpu_use_dp: 0]
[num_gpu: 1]

end of parameters

pandas_categorical:null
